9.090289473533630371e-01
7.914820909500122070e-01
4.231686592102050781e-01
1.867121011018753052e-01
0.000000000000000000e+00
7.836456410586833954e-03
6.303236633539199829e-02
7.700170576572418213e-02
7.495740801095962524e-02
7.734242081642150879e-02
7.734242081642150879e-02
8.722317218780517578e-02
9.199318289756774902e-02
9.505962580442428589e-02
9.642248600721359253e-02
1.049403771758079529e-01
1.080068126320838928e-01
1.137989759445190430e-01
1.165247038006782532e-01
1.199318543076515198e-01
1.243611574172973633e-01
1.321976184844970703e-01
1.458262354135513306e-01
1.526405513286590576e-01
1.635434478521347046e-01
1.754684895277023315e-01
1.894378215074539185e-01
2.047700136899948120e-01
2.293015271425247192e-01
2.528108954429626465e-01
2.759795486927032471e-01
3.025553524494171143e-01
3.212947249412536621e-01
3.339011967182159424e-01
3.458262383937835693e-01
3.485519587993621826e-01
3.471890985965728760e-01
3.342418968677520752e-01
3.066439628601074219e-01
2.746166884899139404e-01
2.378194183111190796e-01
2.064735889434814453e-01
1.836456507444381714e-01
1.625212877988815308e-01
1.451448053121566772e-01
1.352640539407730103e-01
1.257240176200866699e-01
1.199318543076515198e-01
1.158432736992835999e-01
1.127768307924270630e-01
1.100511103868484497e-01
1.131175458431243896e-01
1.107325404882431030e-01
1.090289577841758728e-01
1.117546856403350830e-01
1.117546856403350830e-01
1.161839887499809265e-01
1.199318543076515198e-01
1.212947219610214233e-01
1.206132844090461731e-01
1.178875640034675598e-01
1.229982972145080566e-01
1.243611574172973633e-01
1.257240176200866699e-01
1.240204423666000366e-01
1.260647326707839966e-01
1.270868778228759766e-01
1.219761520624160767e-01
1.270868778228759766e-01
1.264054477214813232e-01
1.287904530763626099e-01
1.264054477214813232e-01
1.243611574172973633e-01
1.250425875186920166e-01
1.321976184844970703e-01
1.294718980789184570e-01
1.270868778228759766e-01
1.236797273159027100e-01
1.264054477214813232e-01
1.229982972145080566e-01
1.206132844090461731e-01
1.219761520624160767e-01
1.206132844090461731e-01
1.264054477214813232e-01
1.226575821638107300e-01
1.240204423666000366e-01
1.216354370117187500e-01
1.247018724679946899e-01
1.284497380256652832e-01
1.315161883831024170e-01
1.318569034337997437e-01
1.349233388900756836e-01
1.366269141435623169e-01
1.356047689914703369e-01
1.366269141435623169e-01
1.345826238393783569e-01
1.349233388900756836e-01
1.349233388900756836e-01
1.359454840421676636e-01
1.407155096530914307e-01
1.390119194984436035e-01
1.407155096530914307e-01
1.410562247037887573e-01
1.444633752107620239e-01
1.448040902614593506e-01
1.444633752107620239e-01
1.441226601600646973e-01
1.451448053121566772e-01
1.488926708698272705e-01
1.482112407684326172e-01
1.512776762247085571e-01
1.482112407684326172e-01
1.468483805656433105e-01
1.478705257177352905e-01
1.492333859205245972e-01
1.516183912754058838e-01
1.632027328014373779e-01
1.884156763553619385e-01
2.091993242502212524e-01
2.160136252641677856e-01
2.538330554962158203e-01
2.582623362541198730e-01
2.603066563606262207e-01
2.613287866115570068e-01
2.327086925506591797e-01
2.197615057229995728e-01
2.126064747571945190e-01
1.696763187646865845e-01
1.403747797012329102e-01
1.298126131296157837e-01
1.267461627721786499e-01
1.253833025693893433e-01
1.260647326707839966e-01
1.287904530763626099e-01
1.127768307924270630e-01
1.352640539407730103e-01
2.289608120918273926e-01
5.908007025718688965e-01
9.904599785804748535e-01
1.000000000000000000e+00
6.749573945999145508e-01
3.325383365154266357e-01
1.315161883831024170e-01
7.768313586711883545e-02
1.342419087886810303e-01
1.672913134098052979e-01
1.662691682577133179e-01
1.683134585618972778e-01
1.683134585618972778e-01
1.700170338153839111e-01
1.741056144237518311e-01
1.781942099332809448e-01
1.836456507444381714e-01
1.863713860511779785e-01
1.911413967609405518e-01
1.945485472679138184e-01
2.017035782337188721e-01
2.081771790981292725e-01
2.122657597064971924e-01
2.197615057229995728e-01
2.275979518890380859e-01
2.388415634632110596e-01
2.490630298852920532e-01
2.545144855976104736e-01
2.701874077320098877e-01
0.000000000000000000e+00
0.000000000000000000e+00
0.000000000000000000e+00
0.000000000000000000e+00
0.000000000000000000e+00
0.000000000000000000e+00
0.000000000000000000e+00
0.000000000000000000e+00
0.000000000000000000e+00
0.000000000000000000e+00
0.000000000000000000e+00
0.000000000000000000e+00
0.000000000000000000e+00
0.000000000000000000e+00
0.000000000000000000e+00
0.000000000000000000e+00
0.000000000000000000e+00
0.000000000000000000e+00
0.000000000000000000e+00
0.000000000000000000e+00
0.000000000000000000e+00
0.000000000000000000e+00
0.000000000000000000e+00
